1  [
  10263.12 -15265.16 -6809.915 -11113.05 -10865.42 -7228.685 -8855.68 -7259.801 -5268.367 -5400.54 -7296.153 -2583.217 -625.727 552 
  195289.4 521928.7 210916.3 439332.6 291523 227489.6 261564.7 257746 303848.3 219455.7 230911.4 181125.8 142230 0 ]
1  [
  11488.74 -15747.9 -8432.212 -11139.34 -10837.61 -7499.818 -10809.64 -9969.053 -5517.451 -8451.271 -6958.317 -205.0466 435.69 624 
  217273.8 529387.4 221650.7 356087.2 287933.1 201955.8 297539.3 321754.1 321601.2 261051.8 171843.5 96208.91 164376 0 ]
1  [
  6168.433 -9578.03 -6561.312 -6380.409 -3996.785 -4768.671 -4106.148 -6162.214 -4355.334 -2921.983 -2590.554 658.5561 715.7336 304 
  126846.5 402919.9 221262.9 184817 109180.9 116755.5 116796.1 192345.1 155591.7 101463.4 105241.7 123262.7 121132.2 0 ]
1  [
  3191.6 -3858.761 -2799.36 -2655.771 -2151.383 -2836.047 -2102.293 359.0065 -1555.076 -1692.733 -2108.782 357.1695 -2094.904 200 
  52099.08 95367.49 54307.73 52326.78 46119.42 61570.8 48979.84 25312.8 54318.28 47413.42 49571.92 36484.47 43077.36 0 ]
1  [
  7107.39 -9798.24 -4032.697 -9487.015 -6645.885 -5805.368 -4584.242 -4946.95 -5804.139 -4845.721 -2883.863 452.1045 1920.582 372 
  139399.4 314243.3 140122.3 391525.1 191855.5 171511 126793.7 136817.8 198758.8 165359 79123.77 68780.03 128403.8 0 ]
1  [
  7896.226 -12178.2 -6178.662 -9552.758 -7549.708 -7945.851 -4741.028 -8048.378 -7361.841 -4175.747 -5015.26 -585.0949 2381.252 404 
  157904.9 416529 212142.8 335212.8 198023.6 238663.7 158206.5 238034.2 221933.1 113652 136807.6 79260.86 146018.2 0 ]
1  [
  11259.31 -15547.05 -11501.25 -12233.74 -9545.756 -13607.01 -9021.627 -12936.19 -10812.73 -6123.974 -5725.148 498.2804 3315.595 600 
  218823.5 495214.3 366413.5 435181.6 269226.4 409980.1 260934.7 402063.4 319046.4 202480.5 161596.6 171012.8 204930.5 0 ]
1  [
  8671.398 -12070.3 -5313.739 -10571.94 -7548.998 -7917.401 -5054.621 -8340.981 -6286.914 -5186.096 -4203.469 139.6034 1781.142 452 
  169977.7 431481.7 185490.9 350305.5 185287.2 210905.1 122785.5 245341.2 171361.5 128127.4 99616.07 88807.07 124584.2 0 ]
1  [
  8440.832 -13065.09 -5491.79 -11554.04 -5512.997 -6969.467 -7574.409 -7214.184 -6300.528 -4708.154 -3195.509 146.3111 1621.707 427 
  170542.5 446733.5 218619.4 483054.3 142955.5 184296.9 176607.5 185086.5 210336.6 126951.3 111175.9 122796.8 190629.5 0 ]
1  [
  6868.676 -9168.159 -2121.933 -7883.589 -4841.36 -4084.607 -4613.169 -5988.415 -3883.853 -3924.352 -4350.717 -783.655 509.8503 359 
  134705.6 301567.6 116485 263156.8 165752.6 95028.93 113970.4 171756.3 117486.9 111403.6 119222.4 78892.74 87208.23 0 ]
1  [
  9646.037 -10484.02 -9723.135 -10272.43 -4756.139 -8421.535 -941.9112 -9549.262 -7512.978 -6781.021 -7532.443 -4075.844 479.4647 480 
  198261.6 287706.3 383783.1 342599.4 149369.6 237367.1 99242.39 299946.7 194836.6 169068.8 182886.2 90790.59 87764.87 0 ]
1  [
  6414.873 -8421.941 -4135.088 -8222.919 -6074.842 -4349.682 -4696.559 -6565.43 -5662.834 -4337.422 -4088.577 -910.7358 1094.911 320 
  130882.8 257942.7 150833.3 319091.3 174485.6 106771.8 112459.4 199226.6 145767.8 100813.5 107074.2 101055.6 103135.1 0 ]
1  [
  6044.887 -8701.118 -3870.521 -7346.12 -4600.596 -3846.381 -3600.293 -5725.252 -5083.425 -4085.364 -2802.916 70.0758 2411.708 298 
  124523.7 288031.8 113124.8 277893.1 114696.9 102897 83643.15 164796.5 130868.6 114356.9 66216.49 58282.79 105021.7 0 ]
1  [
  4632.287 -8741.698 -4815.528 -5799.983 -3494.082 -1596.864 -3850.224 -4477.849 -1157.43 -950.9614 2111.051 5496.805 2333.164 237 
  93539.34 374267.4 140815.6 211427.7 73203.44 29468.1 96523.93 116054.3 36408.28 32506.08 152850.1 286092.3 117915.8 0 ]
1  [
  6809.939 -10962.97 -5111.029 -11377.36 -5857.079 -5897.615 -6577.541 -7140.062 -6329.986 -4948.648 -2181.794 2662.778 5289.599 349 
  135749.1 409886.1 178675.1 493870.6 187411.9 162495.8 183010.6 226365.7 206597.8 140361.8 78904.64 134298.6 210686 0 ]
1  [
  9063.742 -10278.26 -5737.196 -13729.91 -8218.047 -8016.587 -7921.783 -8862.757 -9509.763 -6888.945 -6047.156 817.2563 5390.114 448 
  186911.6 289872.6 240837.6 636885.6 257444.6 226554.2 220170.8 261427.1 275430.5 186262.5 158950.5 169862.3 200391.5 0 ]
1  [
  6609.431 -8930.387 -7277.156 -9793.793 -6995.262 -7891.61 -6836.16 -6927.222 -5947.564 -4466.666 -3629.257 -1219.566 527.7827 391 
  119353.9 255866.5 246810.6 336813.4 198693.6 222182.7 177933.5 182641 183497.9 174092.8 95649.94 81718.44 124470.7 0 ]
1  [
  10347.15 -12303.56 -10169.89 -15360.85 -7683.474 -9943.902 -10011.04 -8733.891 -8786.748 -8100.343 -8996.281 -2021.007 1662.118 550 
  201917.3 329644.9 379958.5 650570.2 258456 265596.1 319556.1 239214.3 300292.8 221204.8 262909.8 108861.5 150394.1 0 ]
1  [
  6571.213 -7838.446 -6436.991 -10533.74 -7250.157 -5182.881 -5881.299 -5911.699 -6128.729 -6466.309 -5152.467 -2019.218 1991.153 322 
  137027.4 226270.7 223334.5 446396.9 236200.6 156254.8 156200.5 171732.7 169540.8 193686.7 177335.3 143662.5 129010.9 0 ]
1  [
  14469.06 -20782.27 -8506.571 -21133.51 -14403.59 -10880.79 -13557.52 -12619.2 -12847.61 -11004.84 -6843.601 258.3015 5127.596 747 
  286820.4 657785.3 241235.6 821516.8 428756.6 287116 414046.5 374866.7 367016.5 336333.8 195999.9 174487.9 304623.4 0 ]
1  [
  18947.2 -28803.8 -12110.19 -24603.35 -18671.98 -14425.5 -17540.14 -14161.8 -14352.97 -10900.66 -8439.102 975.5377 2147.571 1038 
  356557.9 892969.1 311162.4 901156.2 532284.5 363282.4 514276.9 419388.7 405657.1 382078.4 251348.7 217606.7 364489.7 0 ]
